function [cmap] = bluewhitered3(n)

data = [    60     9    17
    60     9    17
    60     9    17
    60     9    17
    62     9    19
    62     9    19
    62     9    19
    65    10    20
    65    10    20
    65    10    20
    65    10    20
    67    10    21
    67    10    21
    67    10    21
    67    10    21
    70    11    22
    70    11    22
    70    11    22
    70    11    22
    72    11    24
    72    11    24
    72    11    24
    75    12    25
    75    12    25
    75    12    25
    75    12    25
    77    12    26
    77    12    26
    77    12    26
    77    12    26
    80    12    27
    80    12    27
    80    12    27
    83    13    28
    83    13    28
    83    13    28
    83    13    28
    85    13    29
    85    13    29
    85    13    29
    85    13    29
    88    13    30
    88    13    30
    88    13    30
    90    14    32
    90    14    32
    90    14    32
    90    14    32
    93    14    33
    93    14    33
    93    14    33
    93    14    33
    96    14    33
    96    14    33
    96    14    33
    96    14    33
    98    14    34
    98    14    34
    98    14    34
   101    14    35
   101    14    35
   101    14    35
   101    14    35
   104    14    36
   104    14    36
   104    14    36
   104    14    36
   106    14    37
   106    14    37
   106    14    37
   109    14    38
   109    14    38
   109    14    38
   109    14    38
   112    14    38
   112    14    38
   112    14    38
   112    14    38
   114    14    39
   114    14    39
   114    14    39
   117    14    39
   117    14    39
   117    14    39
   117    14    39
   120    14    40
   120    14    40
   120    14    40
   120    14    40
   122    14    40
   122    14    40
   122    14    40
   122    14    40
   125    13    41
   125    13    41
   125    13    41
   128    13    41
   128    13    41
   128    13    41
   128    13    41
   130    14    41
   130    14    41
   130    14    41
   130    14    41
   133    14    41
   133    14    41
   133    14    41
   136    14    41
   136    14    41
   136    14    41
   136    14    41
   138    15    41
   138    15    41
   138    15    41
   138    15    41
   141    15    40
   141    15    40
   141    15    40
   141    15    40
   143    16    40
   143    16    40
   143    16    40
   146    17    40
   146    17    40
   146    17    40
   146    17    40
   148    18    39
   148    18    39
   148    18    39
   148    18    39
   150    20    39
   150    20    39
   150    20    39
   153    21    39
   153    21    39
   153    21    39
   153    21    39
   155    23    38
   155    23    38
   155    23    38
   155    23    38
   157    25    38
   157    25    38
   157    25    38
   159    27    37
   159    27    37
   159    27    37
   159    27    37
   161    29    37
   161    29    37
   161    29    37
   161    29    37
   163    31    37
   163    31    37
   163    31    37
   163    31    37
   165    33    36
   165    33    36
   165    33    36
   167    35    36
   167    35    36
   167    35    36
   167    35    36
   168    38    36
   168    38    36
   168    38    36
   168    38    36
   170    40    36
   170    40    36
   170    40    36
   172    43    36
   172    43    36
   172    43    36
   172    43    36
   173    45    36
   173    45    36
   173    45    36
   173    45    36
   175    48    36
   175    48    36
   175    48    36
   176    50    36
   176    50    36
   176    50    36
   176    50    36
   177    53    37
   177    53    37
   177    53    37
   177    53    37
   179    56    38
   179    56    38
   179    56    38
   179    56    38
   180    58    39
   180    58    39
   180    58    39
   181    61    40
   181    61    40
   181    61    40
   181    61    40
   182    64    41
   182    64    41
   182    64    41
   182    64    41
   183    66    42
   183    66    42
   183    66    42
   184    69    44
   184    69    44
   184    69    44
   184    69    44
   185    72    45
   185    72    45
   185    72    45
   185    72    45
   186    74    47
   186    74    47
   186    74    47
   187    77    49
   187    77    49
   187    77    49
   187    77    49
   188    79    51
   188    79    51
   188    79    51
   188    79    51
   189    82    53
   189    82    53
   189    82    53
   189    82    53
   190    84    55
   190    84    55
   190    84    55
   191    87    58
   191    87    58
   191    87    58
   191    87    58
   192    89    60
   192    89    60
   192    89    60
   192    89    60
   192    92    62
   192    92    62
   192    92    62
   193    94    64
   193    94    64
   193    94    64
   193    94    64
   194    96    67
   194    96    67
   194    96    67
   194    96    67
   195    99    69
   195    99    69
   195    99    69
   195    99    69
   196   101    72
   196   101    72
   196   101    72
   197   104    74
   197   104    74
   197   104    74
   197   104    74
   197   106    77
   197   106    77
   197   106    77
   197   106    77
   198   108    79
   198   108    79
   198   108    79
   199   111    82
   199   111    82
   199   111    82
   199   111    82
   200   113    85
   200   113    85
   200   113    85
   200   113    85
   200   115    87
   200   115    87
   200   115    87
   201   118    90
   201   118    90
   201   118    90
   201   118    90
   202   120    93
   202   120    93
   202   120    93
   202   120    93
   203   122    95
   203   122    95
   203   122    95
   203   122    95
   203   125    98
   203   125    98
   203   125    98
   204   127   101
   204   127   101
   204   127   101
   204   127   101
   205   129   104
   205   129   104
   205   129   104
   205   129   104
   205   132   106
   205   132   106
   205   132   106
   206   134   109
   206   134   109
   206   134   109
   206   134   109
   207   136   112
   207   136   112
   207   136   112
   207   136   112
   208   138   115
   208   138   115
   208   138   115
   208   141   118
   208   141   118
   208   141   118
   208   141   118
   209   143   120
   209   143   120
   209   143   120
   209   143   120
   210   145   123
   210   145   123
   210   145   123
   210   145   123
   210   148   126
   210   148   126
   210   148   126
   211   150   129
   211   150   129
   211   150   129
   211   150   129
   212   152   132
   212   152   132
   212   152   132
   212   152   132
   212   154   135
   212   154   135
   212   154   135
   213   157   137
   213   157   137
   213   157   137
   213   157   137
   214   159   140
   214   159   140
   214   159   140
   214   159   140
   214   161   143
   214   161   143
   214   161   143
   214   161   143
   215   163   146
   215   163   146
   215   163   146
   216   166   149
   216   166   149
   216   166   149
   216   166   149
   216   168   152
   216   168   152
   216   168   152
   216   168   152
   217   170   155
   217   170   155
   217   170   155
   218   173   158
   218   173   158
   218   173   158
   218   173   158
   218   175   161
   218   175   161
   218   175   161
   218   175   161
   219   177   163
   219   177   163
   219   177   163
   220   179   166
   220   179   166
   220   179   166
   220   179   166
   221   182   169
   221   182   169
   221   182   169
   221   182   169
   221   184   172
   221   184   172
   221   184   172
   221   184   172
   222   186   175
   222   186   175
   222   186   175
   223   189   178
   223   189   178
   223   189   178
   223   189   178
   223   191   181
   223   191   181
   223   191   181
   223   191   181
   224   193   184
   224   193   184
   224   193   184
   225   196   187
   225   196   187
   225   196   187
   225   196   187
   226   198   190
   226   198   190
   226   198   190
   226   198   190
   227   200   192
   227   200   192
   227   200   192
